31 31
112.0 26.0 24.0 4.0 18.0 120.0 62.0 106.0 112.0 142.0 90.0 96.0 120.0 34.0 108.0 82.0 52.0 54.0 96.0 146.0 102.0 20.0 66.0 160.0 92.0 64.0 152.0 100.0 80.0 76.0 64.0
16.0 0.0 10.0 86.0 30.0 112.0 68.0 124.0 30.0 2.0 94.0 136.0 28.0 138.0 94.0 128.0 100.0 60.0 50.0 120.0 102.0 70.0 132.0 170.0 142.0 74.0 150.0 112.0 172.0 156.0 74.0
98.0 66.0 40.0 94.0 174.0 80.0 154.0 62.0 162.0 106.0 90.0 4.0 122.0 106.0 182.0 116.0 176.0 76.0 96.0 172.0 148.0 134.0 94.0 2.0 18.0 46.0 66.0 92.0 134.0 40.0 36.0
120.0 142.0 16.0 36.0 46.0 56.0 174.0 152.0 114.0 120.0 68.0 4.0 90.0 38.0 92.0 28.0 44.0 148.0 104.0 54.0 40.0 72.0 104.0 130.0 170.0 10.0 146.0 100.0 48.0 104.0 168.0
50.0 46.0 178.0 166.0 112.0 134.0 52.0 118.0 64.0 166.0 120.0 12.0 18.0 124.0 12.0 56.0 54.0 78.0 4.0 36.0 70.0 4.0 172.0 148.0 60.0 0.0 158.0 136.0 166.0 138.0 84.0
16.0 118.0 138.0 38.0 40.0 118.0 130.0 156.0 160.0 48.0 64.0 134.0 130.0 168.0 88.0 142.0 110.0 100.0 154.0 46.0 78.0 106.0 36.0 178.0 114.0 180.0 32.0 66.0 68.0 64.0 6.0
82.0 136.0 60.0 62.0 122.0 30.0 96.0 130.0 118.0 168.0 44.0 86.0 142.0 126.0 96.0 118.0 16.0 4.0 168.0 166.0 64.0 40.0 78.0 30.0 56.0 14.0 56.0 50.0 36.0 18.0 140.0
100.0 82.0 88.0 148.0 170.0 170.0 174.0 140.0 82.0 10.0 2.0 116.0 148.0 144.0 134.0 180.0 72.0 154.0 54.0 168.0 74.0 100.0 28.0 52.0 174.0 112.0 38.0 18.0 96.0 182.0 32.0
6.0 52.0 170.0 92.0 68.0 52.0 162.0 156.0 8.0 150.0 140.0 62.0 12.0 2.0 70.0 166.0 116.0 40.0 178.0 130.0 76.0 38.0 38.0 46.0 178.0 62.0 152.0 16.0 30.0 168.0 74.0
76.0 126.0 166.0 84.0 108.0 76.0 122.0 152.0 182.0 72.0 58.0 80.0 16.0 96.0 10.0 142.0 156.0 26.0 6.0 48.0 44.0 60.0 144.0 18.0 136.0 108.0 48.0 52.0 42.0 112.0 108.0
168.0 8.0 150.0 154.0 126.0 146.0 12.0 174.0 14.0 110.0 30.0 166.0 40.0 136.0 64.0 148.0 178.0 178.0 110.0 12.0 178.0 64.0 128.0 146.0 74.0 134.0 178.0 148.0 144.0 58.0 38.0
84.0 154.0 106.0 76.0 54.0 2.0 68.0 34.0 66.0 24.0 22.0 50.0 146.0 84.0 50.0 28.0 146.0 8.0 32.0 16.0 86.0 38.0 100.0 128.0 156.0 6.0 104.0 144.0 98.0 60.0 24.0
62.0 94.0 22.0 50.0 22.0 170.0 122.0 2.0 60.0 106.0 64.0 84.0 180.0 4.0 24.0 102.0 68.0 42.0 112.0 40.0 126.0 158.0 162.0 90.0 180.0 136.0 12.0 86.0 152.0 124.0 146.0
56.0 42.0 150.0 114.0 58.0 84.0 102.0 52.0 140.0 106.0 170.0 20.0 92.0 18.0 52.0 46.0 18.0 96.0 78.0 110.0 176.0 58.0 168.0 2.0 68.0 50.0 46.0 136.0 54.0 164.0 72.0
128.0 138.0 138.0 96.0 182.0 162.0 180.0 180.0 120.0 76.0 10.0 136.0 100.0 174.0 180.0 110.0 42.0 14.0 46.0 72.0 128.0 152.0 52.0 60.0 92.0 154.0 10.0 28.0 148.0 160.0 122.0
16.0 152.0 132.0 66.0 168.0 154.0 84.0 130.0 176.0 166.0 26.0 10.0 148.0 130.0 84.0 78.0 156.0 36.0 40.0 158.0 70.0 0.0 110.0 152.0 44.0 180.0 42.0 0.0 134.0 110.0 88.0
120.0 158.0 146.0 152.0 76.0 98.0 178.0 16.0 172.0 160.0 66.0 8.0 24.0 62.0 22.0 92.0 140.0 72.0 168.0 56.0 88.0 42.0 86.0 56.0 176.0 176.0 150.0 92.0 116.0 72.0 102.0
150.0 90.0 56.0 30.0 76.0 166.0 78.0 116.0 170.0 36.0 42.0 66.0 76.0 28.0 38.0 24.0 66.0 12.0 126.0 160.0 52.0 38.0 150.0 96.0 96.0 130.0 48.0 140.0 114.0 62.0 80.0
8.0 86.0 70.0 156.0 182.0 178.0 140.0 102.0 108.0 120.0 174.0 132.0 20.0 82.0 70.0 106.0 52.0 44.0 164.0 4.0 90.0 134.0 106.0 58.0 130.0 46.0 22.0 60.0 136.0 182.0 4.0
156.0 44.0 34.0 88.0 38.0 56.0 100.0 0.0 8.0 24.0 48.0 62.0 70.0 38.0 170.0 80.0 112.0 60.0 178.0 166.0 152.0 88.0 80.0 170.0 176.0 104.0 180.0 94.0 124.0 74.0 166.0
70.0 138.0 150.0 76.0 154.0 156.0 20.0 176.0 32.0 142.0 28.0 4.0 128.0 118.0 178.0 126.0 82.0 160.0 50.0 90.0 40.0 142.0 60.0 16.0 44.0 148.0 136.0 86.0 12.0 148.0 170.0
58.0 160.0 98.0 28.0 68.0 86.0 146.0 164.0 46.0 32.0 136.0 102.0 60.0 182.0 56.0 22.0 98.0 140.0 140.0 138.0 174.0 4.0 164.0 40.0 132.0 86.0 6.0 142.0 62.0 34.0 136.0
90.0 158.0 112.0 80.0 10.0 152.0 118.0 168.0 20.0 2.0 154.0 10.0 36.0 24.0 86.0 10.0 140.0 28.0 64.0 158.0 132.0 136.0 136.0 0.0 76.0 160.0 144.0 80.0 28.0 152.0 58.0
80.0 144.0 38.0 10.0 158.0 170.0 30.0 4.0 160.0 110.0 102.0 48.0 122.0 142.0 56.0 74.0 64.0 12.0 142.0 12.0 74.0 170.0 116.0 62.0 94.0 130.0 70.0 18.0 114.0 164.0 30.0
12.0 120.0 178.0 134.0 44.0 32.0 116.0 92.0 24.0 2.0 122.0 142.0 26.0 80.0 22.0 170.0 68.0 176.0 8.0 166.0 32.0 106.0 72.0 146.0 164.0 120.0 152.0 126.0 32.0 156.0 104.0
104.0 0.0 102.0 62.0 82.0 68.0 130.0 98.0 106.0 76.0 126.0 152.0 166.0 132.0 168.0 66.0 50.0 180.0 170.0 22.0 146.0 4.0 154.0 14.0 66.0 106.0 122.0 68.0 138.0 78.0 136.0
68.0 50.0 96.0 112.0 154.0 134.0 124.0 16.0 180.0 58.0 34.0 52.0 108.0 104.0 24.0 10.0 80.0 172.0 50.0 136.0 36.0 34.0 60.0 70.0 102.0 176.0 14.0 58.0 86.0 18.0 84.0
144.0 144.0 72.0 148.0 172.0 112.0 34.0 74.0 174.0 170.0 108.0 128.0 40.0 140.0 42.0 18.0 82.0 84.0 54.0 98.0 32.0 4.0 0.0 34.0 182.0 86.0 78.0 90.0 138.0 60.0 28.0
40.0 92.0 44.0 140.0 116.0 168.0 112.0 80.0 90.0 134.0 58.0 48.0 54.0 92.0 14.0 138.0 116.0 118.0 124.0 144.0 152.0 130.0 44.0 46.0 126.0 96.0 148.0 34.0 172.0 120.0 42.0
122.0 16.0 150.0 26.0 88.0 150.0 78.0 16.0 100.0 56.0 22.0 172.0 118.0 24.0 100.0 164.0 66.0 30.0 82.0 22.0 126.0 28.0 174.0 34.0 160.0 112.0 164.0 140.0 42.0 2.0 48.0
122.0 88.0 30.0 110.0 112.0 54.0 98.0 142.0 152.0 90.0 104.0 26.0 152.0 62.0 86.0 114.0 178.0 86.0 132.0 90.0 82.0 54.0 60.0 122.0 104.0 0.0 52.0 30.0 84.0 22.0 68.0