32 31
51 58 59 0 44 54 65 20 26 36 83 56 50 65 86 75 81 91 36 89 3 40 12 64 30 39 60 39 27 31 26
56 13 12 2 9 60 31 53 56 71 45 48 60 17 54 41 26 27 48 73 51 10 33 80 46 32 76 50 40 38 32
8 0 5 43 15 56 34 62 15 1 47 68 14 69 47 64 50 30 25 60 51 35 66 85 71 37 75 56 86 78 37
49 33 20 47 87 40 77 31 81 53 45 2 61 53 91 58 88 38 48 86 74 67 47 1 9 23 33 46 67 20 18
60 71 8 18 23 28 87 76 57 60 34 2 45 19 46 14 22 74 52 27 20 36 52 65 85 5 73 50 24 52 84
25 23 89 83 56 67 26 59 32 83 60 6 9 62 6 28 27 39 2 18 35 2 86 74 30 0 79 68 83 69 42
8 59 69 19 20 59 65 78 80 24 32 67 65 84 44 71 55 50 77 23 39 53 18 89 57 90 16 33 34 32 3
41 68 30 31 61 15 48 65 59 84 22 43 71 63 48 59 8 2 84 83 32 20 39 15 28 7 28 25 18 9 70
50 41 44 74 85 85 87 70 41 5 1 58 74 72 67 90 36 77 27 84 37 50 14 26 87 56 19 9 48 91 16
3 26 85 46 34 26 81 78 4 75 70 31 6 1 35 83 58 20 89 65 38 19 19 23 89 31 76 8 15 84 37
38 63 83 42 54 38 61 76 91 36 29 40 8 48 5 71 78 13 3 24 22 30 72 9 68 54 24 26 21 56 54
84 4 75 77 63 73 6 87 7 55 15 83 20 68 32 74 89 89 55 6 89 32 64 73 37 67 89 74 72 29 19
42 77 53 38 27 1 34 17 33 12 11 25 73 42 25 14 73 4 16 8 43 19 50 64 78 3 52 72 49 30 12
31 47 11 25 11 85 61 1 30 53 32 42 90 2 12 51 34 21 56 20 63 79 81 45 90 68 6 43 76 62 73
28 21 75 57 29 42 51 26 70 53 85 10 46 9 26 23 9 48 39 55 88 29 84 1 34 25 23 68 27 82 36
64 69 69 48 91 81 90 90 60 38 5 68 50 87 90 55 21 7 23 36 64 76 26 30 46 77 5 14 74 80 61
8 76 66 33 84 77 42 65 88 83 13 5 74 65 42 39 78 18 20 79 35 0 55 76 22 90 21 0 67 55 44
60 79 73 76 38 49 89 8 86 80 33 4 12 31 11 46 70 36 84 28 44 21 43 28 88 88 75 46 58 36 51
75 45 28 15 38 83 39 58 85 18 21 33 38 14 19 12 33 6 63 80 26 19 75 48 48 65 24 70 57 31 40
4 43 35 78 91 89 70 51 54 60 87 66 10 41 35 53 26 22 82 2 45 67 53 29 65 23 11 30 68 91 2
78 22 17 44 19 28 50 0 4 12 24 31 35 19 85 40 56 30 89 83 76 44 40 85 88 52 90 47 62 37 83
35 69 75 38 77 78 10 88 16 71 14 2 64 59 89 63 41 80 25 45 20 71 30 8 22 74 68 43 6 74 85
29 80 49 14 34 43 73 82 23 16 68 51 30 91 28 11 49 70 70 69 87 2 82 20 66 43 3 71 31 17 68
45 79 56 40 5 76 59 84 10 1 77 5 18 12 43 5 70 14 32 79 66 68 68 0 38 80 72 40 14 76 29
40 72 19 5 79 85 15 2 80 55 51 24 61 71 28 37 32 6 71 6 37 85 58 31 47 65 35 9 57 82 15
6 60 89 67 22 16 58 46 12 1 61 71 13 40 11 85 34 88 4 83 16 53 36 73 82 60 76 63 16 78 52
52 0 51 31 41 34 65 49 53 38 63 76 83 66 84 33 25 90 85 11 73 2 77 7 33 53 61 34 69 39 68
34 25 48 56 77 67 62 8 90 29 17 26 54 52 12 5 40 86 25 68 18 17 30 35 51 88 7 29 43 9 42
72 72 36 74 86 56 17 37 87 85 54 64 20 70 21 9 41 42 27 49 16 2 0 17 91 43 39 45 69 30 14
20 46 22 70 58 84 56 40 45 67 29 24 27 46 7 69 58 59 62 72 76 65 22 23 63 48 74 17 86 60 21
61 8 75 13 44 75 39 8 50 28 11 86 59 12 50 82 33 15 41 11 63 14 87 17 80 56 82 70 21 1 24
61 44 15 55 56 27 49 71 76 45 52 13 76 31 43 57 89 43 66 45 41 27 30 61 52 0 26 15 42 11 34