32 31
11 30 84 38 50 62 60 77 25 57 82 91 47 5 87 0 81 57 65 38 32 43 9 37 82 37 31 81 18 0 26
90 31 64 45 23 6 46 63 64 46 77 68 10 8 65 72 48 47 34 16 52 91 81 68 6 18 53 54 82 42 88
88 12 84 43 87 62 52 64 40 33 20 19 68 45 0 37 49 48 77 40 73 84 67 0 67 57 2 83 37 31 48
32 45 11 38 55 4 47 53 20 46 91 26 29 83 25 24 25 21 84 36 7 27 8 15 68 3 11 71 71 42 65
42 84 3 20 39 40 82 72 43 88 67 38 80 31 63 30 19 56 62 36 6 72 35 52 67 62 56 62 41 18 53
60 59 28 50 52 38 61 75 89 19 16 31 44 48 35 12 57 39 64 57 12 25 71 47 73 2 32 50 68 62 23
57 78 63 24 24 90 71 22 76 65 40 32 87 83 26 90 16 58 34 27 84 80 27 37 33 83 57 82 48 46 40
63 40 81 49 80 70 30 53 65 53 73 62 8 35 44 12 52 67 53 24 4 6 9 15 66 61 89 4 41 65 13
40 5 2 39 66 46 85 72 8 88 65 80 33 17 37 29 49 48 32 72 8 12 43 56 24 47 56 77 60 89 23
27 48 73 7 17 3 73 89 31 24 48 9 19 52 75 87 88 13 5 72 66 70 85 39 65 42 36 90 28 13 34
53 90 84 15 84 21 11 86 35 1 55 74 12 80 4 91 41 21 48 80 53 86 32 53 61 31 54 27 25 34 89
54 46 81 83 70 69 63 7 20 87 89 5 65 33 44 13 3 80 71 39 83 14 46 60 34 40 63 58 68 9 52
42 78 66 39 42 64 47 56 42 34 52 28 65 48 76 26 44 16 8 14 52 71 67 73 8 59 17 33 6 48 71
72 86 4 31 14 40 13 59 63 88 7 57 80 9 48 1 19 86 38 27 11 6 4 76 1 18 85 56 73 50 31
33 3 22 60 67 81 0 20 50 84 78 52 56 29 53 31 24 65 40 85 70 77 52 41 5 4 50 15 41 31 83
11 50 42 62 4 44 66 85 48 19 11 20 21 80 36 71 29 26 68 40 68 72 22 71 11 84 65 85 12 35 91
65 19 1 47 79 36 42 87 31 24 44 33 57 83 20 81 32 5 56 67 3 29 46 54 11 11 42 28 79 88 10
22 80 91 29 27 61 28 50 37 70 86 78 69 45 13 63 72 6 11 88 86 62 47 7 55 60 35 74 80 4 43
50 7 51 31 76 62 36 25 75 82 38 11 13 80 83 39 48 10 7 4 37 16 16 58 25 41 13 15 2 88 56
15 19 44 80 55 7 81 66 23 64 52 86 59 16 44 25 88 63 41 47 44 40 84 7 51 69 10 23 42 60 46
84 85 43 58 27 6 39 17 52 80 5 74 60 80 52 5 65 54 89 83 23 55 46 38 19 61 83 9 22 19 26
75 87 1 22 64 43 50 41 67 63 2 18 42 87 75 41 8 1 89 16 5 39 73 0 72 58 65 55 89 78 46
39 44 84 50 7 81 52 5 14 74 86 16 18 39 44 58 55 42 56 76 75 62 73 43 14 7 27 71 25 60 62
26 39 33 56 75 20 7 71 68 22 84 63 86 33 83 65 51 73 43 28 64 79 50 47 78 60 66 6 83 45 45
5 64 49 54 8 77 40 11 51 47 2 32 85 15 74 63 52 78 87 6 72 31 13 80 51 72 90 46 60 84 90
64 2 55 67 73 85 56 67 79 23 82 27 42 41 85 43 47 21 53 85 9 90 58 4 76 55 11 82 35 32 52
37 62 34 55 42 14 47 52 26 74 80 43 84 16 28 11 66 27 78 16 76 5 59 25 47 40 87 43 28 10 1
25 19 3 71 19 19 55 48 59 21 58 72 35 20 54 21 88 89 32 55 89 53 71 48 15 91 61 88 83 68 19
49 54 32 84 75 5 48 52 37 70 15 22 15 50 1 47 14 62 74 27 34 20 59 74 2 71 89 21 23 44 31
28 13 53 50 12 55 45 39 26 41 77 40 25 44 82 43 55 80 58 53 82 25 5 4 5 16 3 16 76 51 45
3 25 72 0 74 13 3 54 66 35 59 60 12 32 40 1 23 57 59 86 50 6 5 16 27 39 16 24 45 64 34
84 31 58 62 62 66 58 23 60 61 88 16 46 70 13 83 32 72 45 51 44 66 40 82 29 11 37 57 7 43 65